{
  "nbformat": 4,
  "nbformat_minor": 0,
  "metadata": {
    "colab": {
      "provenance": []
    },
    "kernelspec": {
      "name": "python3",
      "display_name": "Python 3"
    },
    "language_info": {
      "name": "python"
    }
  },
  "cells": [
    {
      "cell_type": "code",
      "execution_count": null,
      "metadata": {
        "id": "YeMgICK8Mz3Q"
      },
      "outputs": [],
      "source": [
        "import numpy as np\n",
        "import random\n",
        "import matplotlib.pyplot as plt\n",
        "np.set_printoptions(suppress=True)"
      ]
    },
    {
      "cell_type": "code",
      "source": [
        "ROCK, PAPER, SCISSORS = 0,1,2\n",
        "moves = [ROCK, PAPER, SCISSORS]\n",
        "NUM_ACTIONS = 3\n",
        "oppStrategy = np.array([0.4, 0.3, 0.3])\n",
        "\n",
        "def value(p1, p2):\n",
        "  if p1==p2:\n",
        "    return 0\n",
        "  elif p1==ROCK and p2==SCISSORS:\n",
        "    return 1\n",
        "  elif p1==SCISSORS and p2==PAPER:\n",
        "    return 1\n",
        "  elif p1==PAPER and p2==ROCK:\n",
        "    return 1\n",
        "  else:\n",
        "    return -1"
      ],
      "metadata": {
        "id": "RhW2yXthNe81"
      },
      "execution_count": null,
      "outputs": []
    },
    {
      "cell_type": "code",
      "source": [
        "def normalize(strategy):\n",
        "  strategy = np.copy(strategy)\n",
        "  normalizingSum = np.sum(strategy)\n",
        "  if normalizingSum > 0:\n",
        "    strategy /= normalizingSum\n",
        "  else:\n",
        "    strategy = np.ones(strategy.shape[0])/(strategy.shape[0])\n",
        "  return strategy\n",
        "\n",
        "# accumulates in strategySum\n",
        "def getStrategy(regretSum):\n",
        "  #Get current mixed strategy through regret-matching\n",
        "  #the strategy you use is the one with maximum regret\n",
        "  return normalize(np.maximum(regretSum, 0))\n",
        "\n",
        "\n",
        "def getAction(strategy):\n",
        "  #Get random action according to mixed-strategy distribution\n",
        "  strategy = strategy/np.sum(strategy) #normalize\n",
        "  return np.searchsorted(np.cumsum(strategy), random.random())"
      ],
      "metadata": {
        "id": "kTBBLRScNzxA"
      },
      "execution_count": null,
      "outputs": []
    },
    {
      "cell_type": "code",
      "source": [
        "def vectorising(ndarray):\n",
        "  arr = []\n",
        "  for i in ndarray:\n",
        "    print(i)\n",
        "    arr.append(i)\n",
        "  print(arr)"
      ],
      "metadata": {
        "id": "Jfdm-B17RBWB"
      },
      "execution_count": null,
      "outputs": []
    },
    {
      "cell_type": "code",
      "source": [
        "# import numpy as np\n",
        "\n",
        "def calculate_deviation(matrix1):\n",
        "    matrix2 = [0.33333333, 0.33333333, 0.33333333]\n",
        "    difference = []\n",
        "    for i in range(0, 3):\n",
        "      difference.append(matrix1[i] - matrix2[i])\n",
        "    deviation = np.linalg.norm(difference)\n",
        "    return deviation\n",
        "\n",
        "# # Example usage\n",
        "# matrix1 = np.array([[0.3], [0.4], [0.3]])\n",
        "# matrix2 = np.array([[0.333], [0.333], [0.333]])\n",
        "\n",
        "# deviation = calculate_deviation(matrix1, matrix2)\n",
        "# print(\"Deviation:\", deviation)\n"
      ],
      "metadata": {
        "id": "7qELNQ_FiNAB"
      },
      "execution_count": null,
      "outputs": []
    },
    {
      "cell_type": "code",
      "source": [
        "calculate_deviation([0.333, 0.333, 0.333])"
      ],
      "metadata": {
        "colab": {
          "base_uri": "https://localhost:8080/"
        },
        "id": "nfBrs8-45Nj4",
        "outputId": "0b3c5281-87dd-4dc8-aa46-81860b43d432"
      },
      "execution_count": null,
      "outputs": [
        {
          "output_type": "execute_result",
          "data": {
            "text/plain": [
              "0.0005773444956868733"
            ]
          },
          "metadata": {},
          "execution_count": 6
        }
      ]
    },
    {
      "cell_type": "code",
      "source": [
        "\n",
        "def inner_train(regretSum, strategySum, oppStrategy):\n",
        "    #accumulate the current strategy based on regret\n",
        "    strategy = getStrategy(regretSum)\n",
        "    strategySum += strategy\n",
        "\n",
        "    #select my action and opponent action\n",
        "    myAction = getAction(strategy)\n",
        "    oppAction = getAction(oppStrategy)\n",
        "    # we compute the utility of each possible action from the perspective of the player playing myAction\n",
        "\n",
        "    #for rock, paper, scissors\n",
        "    actionUtility = np.zeros(NUM_ACTIONS)\n",
        "    actionUtility[oppAction] = 0\n",
        "    actionUtility[(oppAction+1) % NUM_ACTIONS] = 1\n",
        "    actionUtility[(oppAction-1) % NUM_ACTIONS] = -1\n",
        "    #acc\n",
        "    regretSum += actionUtility - actionUtility[myAction]\n",
        "    return regretSum, strategySum\n",
        "\n",
        "\n",
        "def train(iterations):\n",
        "  regretSum = np.zeros(NUM_ACTIONS)\n",
        "  strategySum = np.zeros(NUM_ACTIONS)\n",
        "  oppStrategy = np.array([0.4, 0.3, 0.3])\n",
        "\n",
        "  for i in range(iterations):\n",
        "    regretSum, strategySum = inner_train(regretSum, strategySum, oppStrategy)\n",
        "\n",
        "  return strategySum\n",
        "\n",
        "def train2p(oiterations, iterations):\n",
        "  strategySumP1 = np.zeros(NUM_ACTIONS)\n",
        "  strategySumP2 = np.zeros(NUM_ACTIONS)\n",
        "\n",
        "  for j in range(oiterations):\n",
        "    oppStrategy = normalize(strategySumP2)\n",
        "    regretSumP1 = np.zeros(NUM_ACTIONS)\n",
        "    for i in range(iterations):\n",
        "      regretSumP1, strategySumP1 = inner_train(regretSumP1, strategySumP1, oppStrategy)\n",
        "\n",
        "    oppStrategy = normalize(strategySumP1)\n",
        "    regretSumP2 = np.zeros(NUM_ACTIONS)\n",
        "    for i in range(iterations):\n",
        "      regretSumP2, strategySumP2 = inner_train(regretSumP2, strategySumP2, oppStrategy)\n",
        "    LIST_LEARNT.append((normalize(strategySumP1)))\n",
        "    print(normalize(strategySumP1), normalize(strategySumP2))\n",
        "\n",
        "  return strategySumP1, strategySumP2\n",
        "\n",
        "# s1, s2 = train2p(100, 1000)\n",
        "# normalize(s1), normalize(s2)"
      ],
      "metadata": {
        "id": "GSSU54juYM2d"
      },
      "execution_count": null,
      "outputs": []
    },
    {
      "cell_type": "markdown",
      "source": [
        "Nash Equilibrium reached"
      ],
      "metadata": {
        "id": "18QkBfkvQT6f"
      }
    },
    {
      "cell_type": "code",
      "source": [
        "def averaging_for_curve(norm_score):\n",
        "  diff = norm_score - [0.3333, 0.3333, 0.3333]\n",
        "  sum_of_diff = 0\n",
        "  for i in diff:\n",
        "    sum_of_diff += i\n",
        "  avg = (sum_of_diff/3)*100\n",
        "  return avg"
      ],
      "metadata": {
        "id": "Cuv-Dez2vrgP"
      },
      "execution_count": null,
      "outputs": []
    },
    {
      "cell_type": "code",
      "source": [
        "np.ones(3)"
      ],
      "metadata": {
        "colab": {
          "base_uri": "https://localhost:8080/"
        },
        "id": "grp7rhlM6CTx",
        "outputId": "fc121af5-a504-46c0-8363-aa0ff6f12f7c"
      },
      "execution_count": null,
      "outputs": [
        {
          "output_type": "execute_result",
          "data": {
            "text/plain": [
              "array([1., 1., 1.])"
            ]
          },
          "metadata": {},
          "execution_count": 9
        }
      ]
    },
    {
      "cell_type": "code",
      "source": [
        "LIST_LEARNT = []\n",
        "s1, s2 = train2p(1500, 1000)\n",
        "normalize(s1), normalize(s2)"
      ],
      "metadata": {
        "colab": {
          "base_uri": "https://localhost:8080/"
        },
        "id": "t_EeuFniesRW",
        "outputId": "162fd306-321e-4ab9-fb32-977f62694579"
      },
      "execution_count": null,
      "outputs": [
        {
          "output_type": "stream",
          "name": "stdout",
          "text": [
            "[0.01762098 0.91357522 0.06880381] [0.00033333 0.00033333 0.99933333]\n",
            "[0.50808549 0.45695428 0.03496024] [0.0005 0.4995 0.5   ]\n",
            "[0.33883477 0.30474729 0.35641794] [0.20876374 0.41207511 0.37916115]\n",
            "[0.25891556 0.22872714 0.5123573 ] [0.40297723 0.30918133 0.28784143]\n",
            "[0.22349556 0.36648526 0.41001917] [0.34894394 0.25641347 0.39464259]\n",
            "[0.3524963 0.3057655 0.3417382] [0.42109538 0.2497858  0.32911882]\n",
            "[0.4238688  0.28316512 0.29296608] [0.36636747 0.35148307 0.28214947]\n",
            "[0.37139006 0.37025816 0.25835178] [0.32088403 0.41376783 0.26534813]\n",
            "[0.33634887 0.42767999 0.23597114] [0.28587716 0.45165817 0.26246467]\n",
            "[0.30290287 0.38536167 0.31173546] [0.27463478 0.41961492 0.3057503 ]\n",
            "[0.275442  0.3503591 0.3741989] [0.2563385  0.38374321 0.35991829]\n",
            "[0.25434733 0.32519655 0.42045611] [0.27997631 0.35179238 0.3682313 ]\n",
            "[0.23777769 0.30021135 0.46201096] [0.28217075 0.32477844 0.39305081]\n",
            "[0.22514172 0.27893435 0.49592393] [0.33277761 0.30182998 0.36539241]\n",
            "[0.27573894 0.26098761 0.46327345] [0.36920678 0.28176354 0.34902969]\n",
            "[0.3164688  0.24919151 0.43433969] [0.40682909 0.26435    0.32882091]\n",
            "[0.3311834  0.25981061 0.40900598] [0.44033762 0.25016427 0.30949811]\n",
            "[0.31282136 0.30087669 0.38630195] [0.47058738 0.23668292 0.2927297 ]\n",
            "[0.29644188 0.33733654 0.36622158] [0.46722961 0.23269929 0.3000711 ]\n",
            "[0.29462532 0.35689656 0.34847812] [0.46153038 0.22504636 0.31342326]\n",
            "[0.28897805 0.37912215 0.3318998 ] [0.44033587 0.22003552 0.33962862]\n",
            "[0.27742759 0.40574382 0.31682859] [0.42116609 0.21191932 0.36691459]\n",
            "[0.28012892 0.4167959  0.30307518] [0.40297771 0.20274892 0.39427338]\n",
            "[0.31006799 0.39945718 0.29047482] [0.3872187  0.22549013 0.38729117]\n",
            "[0.33460259 0.38640209 0.27899532] [0.37180329 0.25334783 0.37484888]\n",
            "[0.35770865 0.37396251 0.26832884] [0.35777303 0.28176971 0.36045726]\n",
            "[0.37372268 0.36747772 0.2587996 ] [0.34464564 0.28126057 0.37409379]\n",
            "[0.39564687 0.35436542 0.24998771] [0.33327065 0.3053607  0.36136864]\n",
            "[0.41559257 0.34236556 0.24204187] [0.3223619  0.32870746 0.34893064]\n",
            "[0.40638853 0.33118623 0.26242524] [0.31315254 0.34641056 0.3404369 ]\n",
            "[0.40645911 0.32116989 0.27237101] [0.30311537 0.36738118 0.32950345]\n",
            "[0.39409035 0.3113078  0.29460185] [0.29783926 0.38234569 0.31981505]\n",
            "[0.38249886 0.3030244  0.31447674] [0.31176756 0.37805825 0.31017419]\n",
            "[0.37264219 0.30679003 0.32056778] [0.30450092 0.39115987 0.30433921]\n",
            "[0.36215717 0.29818651 0.33965632] [0.32066959 0.38139148 0.29793893]\n",
            "[0.35211577 0.29930617 0.34857806] [0.33789501 0.37234028 0.2897647 ]\n",
            "[0.34273066 0.31751426 0.33975508] [0.35118338 0.36444713 0.28436949]\n",
            "[0.33430904 0.33234935 0.33334161] [0.34258415 0.37973978 0.27767606]\n",
            "[0.3257494  0.34501897 0.32923162] [0.33508309 0.37564612 0.28927079]\n",
            "[0.31882783 0.34835779 0.33281438] [0.32917063 0.36880534 0.30202403]\n",
            "[0.31255043 0.34576293 0.34168664] [0.32689474 0.36326739 0.30983788]\n",
            "[0.30571311 0.33875531 0.35553159] [0.33298292 0.35619707 0.31082001]\n",
            "[0.29863451 0.33871263 0.36265286] [0.33572403 0.34974042 0.31453555]\n",
            "[0.29790731 0.34295286 0.35913983] [0.33251382 0.34205756 0.32542862]\n",
            "[0.29394754 0.35386001 0.35219245] [0.34137662 0.3350859  0.32353747]\n",
            "[0.28918765 0.34617593 0.36463643] [0.35139784 0.32818616 0.320416  ]\n",
            "[0.28534824 0.35448821 0.36016355] [0.34415356 0.32144622 0.33440023]\n",
            "[0.2960069  0.35113491 0.35285819] [0.34127691 0.31521764 0.34350545]\n",
            "[0.30608366 0.34700562 0.34691072] [0.3471335  0.31024619 0.34262031]\n",
            "[0.3091787  0.34803375 0.34278755] [0.34164371 0.30696612 0.35139017]\n",
            "[0.30539818 0.35840068 0.33620113] [0.34457692 0.30103541 0.35438767]\n",
            "[0.31278816 0.35564624 0.33156561] [0.33998951 0.2981047  0.3619058 ]\n",
            "[0.32193117 0.34938258 0.32868625] [0.33941039 0.29363636 0.36695325]\n",
            "[0.33447565 0.3429187  0.32260564] [0.33751469 0.29576685 0.36671846]\n",
            "[0.34369471 0.33671412 0.31959117] [0.33763761 0.30205317 0.36030921]\n",
            "[0.35539064 0.33071922 0.31389014] [0.33180703 0.31293386 0.35525911]\n",
            "[0.36368473 0.32731373 0.30900154] [0.32759323 0.31744657 0.3549602 ]\n",
            "[0.37452843 0.32172608 0.30374549] [0.32249088 0.31774812 0.359761  ]\n",
            "[0.38287709 0.31655893 0.30056398] [0.31704753 0.32258677 0.3603657 ]\n",
            "[0.37990765 0.31973695 0.30035539] [0.31490204 0.32582556 0.3592724 ]\n",
            "[0.38037287 0.31516596 0.30446116] [0.31005802 0.33196836 0.35797362]\n",
            "[0.38398369 0.31014999 0.30586631] [0.30516157 0.34251853 0.3523199 ]\n",
            "[0.38166117 0.30749348 0.31084534] [0.30173289 0.3510229  0.34724421]\n",
            "[0.3832108  0.30586285 0.31092635] [0.29911735 0.35827936 0.34260329]\n",
            "[0.37797117 0.30134781 0.32068101] [0.29982352 0.36258302 0.33759346]\n",
            "[0.3722536  0.30640811 0.32133829] [0.30783112 0.35961386 0.33255502]\n",
            "[0.36764395 0.30659047 0.32576557] [0.30851446 0.36307394 0.32841161]\n",
            "[0.36279956 0.30502912 0.33217133] [0.30927254 0.36597624 0.32475122]\n",
            "[0.35756414 0.30229157 0.34014429] [0.31838185 0.36155415 0.320064  ]\n",
            "[0.35439566 0.29849383 0.34711052] [0.32699763 0.35749721 0.31550515]\n",
            "[0.3513295  0.30053346 0.34813704] [0.32936856 0.35601603 0.31461541]\n",
            "[0.34650602 0.30020349 0.35329049] [0.33370249 0.35566912 0.31062839]\n",
            "[0.34193334 0.29620984 0.36185683] [0.33953038 0.35111858 0.30935104]\n",
            "[0.33921957 0.30295319 0.35782724] [0.34535863 0.34909749 0.30554388]\n",
            "[0.33503763 0.30785312 0.35710925] [0.35404941 0.34445174 0.30149885]\n",
            "[0.33065117 0.31578681 0.35356201] [0.36240906 0.34003725 0.29755369]\n",
            "[0.32870007 0.31934619 0.35195374] [0.37007143 0.33605047 0.2938781 ]\n",
            "[0.32472456 0.32585639 0.34941905] [0.37276804 0.3322498  0.29498216]\n",
            "[0.32063803 0.33416845 0.34519352] [0.37814068 0.32908548 0.29277384]\n",
            "[0.31771462 0.34095547 0.34132991] [0.38564071 0.32517637 0.28918292]\n",
            "[0.31492966 0.34638039 0.33868995] [0.39280399 0.32125753 0.28593848]\n",
            "[0.31121491 0.35377518 0.3350099 ] [0.38860113 0.31746069 0.29393819]\n",
            "[0.308936   0.35997228 0.33109171] [0.38459319 0.31431414 0.30109268]\n",
            "[0.30579887 0.36658208 0.32761905] [0.38033843 0.31163171 0.30802986]\n",
            "[0.30371258 0.37215722 0.3241302 ] [0.37609362 0.31186994 0.31203644]\n",
            "[0.30025468 0.37924066 0.32050466] [0.37172819 0.30912398 0.31914782]\n",
            "[0.29686203 0.38611509 0.31702288] [0.36753783 0.30561873 0.32684344]\n",
            "[0.29574535 0.3907793  0.31347536] [0.36458225 0.30495294 0.33046481]\n",
            "[0.29764102 0.39139839 0.31096059] [0.3605008  0.30164285 0.33785635]\n",
            "[0.30273644 0.38890148 0.30836208] [0.35656542 0.30132799 0.3421066 ]\n",
            "[0.3031416  0.39184217 0.30501623] [0.35273759 0.29806285 0.34919956]\n",
            "[0.30386123 0.39184245 0.30429632] [0.35119006 0.29572285 0.35308709]\n",
            "[0.31124526 0.38772026 0.30103448] [0.34794884 0.29297737 0.35907379]\n",
            "[0.31842133 0.3837266  0.29785208] [0.34427123 0.29298464 0.36274412]\n",
            "[0.32177545 0.38329577 0.29492878] [0.34092156 0.29002547 0.36905297]\n",
            "[0.32832611 0.37943136 0.29224253] [0.33985548 0.29321844 0.36692609]\n",
            "[0.33508046 0.37558061 0.28933894] [0.33641233 0.29959361 0.36399406]\n",
            "[0.34185004 0.37175495 0.286395  ] [0.3332218  0.30559268 0.36118552]\n",
            "[0.34245864 0.37259665 0.28494471] [0.33013279 0.30867556 0.36119165]\n",
            "[0.34627319 0.37048929 0.28323752] [0.32702439 0.30734229 0.36563332]\n",
            "[0.35135214 0.36758076 0.2810671 ] [0.32388716 0.31242125 0.36369159]\n",
            "[0.35753392 0.3641261  0.27833997] [0.32110909 0.31741311 0.3614778 ]\n",
            "[0.36371887 0.36061436 0.27566677] [0.31801013 0.32393964 0.35805023]\n",
            "[0.36880713 0.35730892 0.27388394] [0.31581812 0.329123   0.35505887]\n",
            "[0.3668145  0.35815137 0.27503413] [0.31282779 0.3354885  0.35168371]\n",
            "[0.36756234 0.35477573 0.27766194] [0.3100849  0.34041876 0.34949634]\n",
            "[0.36470329 0.353231   0.28206571] [0.30719522 0.34494289 0.34786189]\n",
            "[0.36443415 0.35023121 0.28533463] [0.30440463 0.3465985  0.34899688]\n",
            "[0.36407536 0.34731055 0.28861408] [0.30180979 0.35238341 0.34580679]\n",
            "[0.36077771 0.34453578 0.29468651] [0.29924434 0.3578827  0.34287297]\n",
            "[0.35871907 0.34425182 0.29702911] [0.29718884 0.36277785 0.34003331]\n",
            "[0.36029068 0.34148667 0.29822265] [0.29510931 0.36778795 0.33710273]\n",
            "[0.35713176 0.33850405 0.30436419] [0.29407005 0.37116535 0.3347646 ]\n",
            "[0.35410171 0.33603567 0.30986261] [0.29458745 0.37143529 0.33397726]\n",
            "[0.35148173 0.33318517 0.3153331 ] [0.29454696 0.37423873 0.33121431]\n",
            "[0.34848967 0.33034593 0.32116441] [0.29720591 0.37247016 0.33032393]\n",
            "[0.34557309 0.32755956 0.32686735] [0.29544042 0.37665418 0.3279054 ]\n",
            "[0.3430914  0.32478928 0.33211932] [0.29521303 0.37671521 0.32807176]\n",
            "[0.34031696 0.32245968 0.33722336] [0.29439213 0.37948287 0.32612501]\n",
            "[0.33748376 0.31977807 0.34273817] [0.29656647 0.37999067 0.32344286]\n",
            "[0.33589669 0.31953694 0.34456637] [0.29583493 0.38245508 0.32170998]\n",
            "[0.33318962 0.31692871 0.34988167] [0.30121835 0.37942955 0.3193521 ]\n",
            "[0.33078699 0.3143839  0.35482911] [0.30667913 0.37651499 0.31680587]\n",
            "[0.32820766 0.31185123 0.3599411 ] [0.30772713 0.37583189 0.31644098]\n",
            "[0.32636073 0.31133493 0.36230434] [0.30526798 0.37311957 0.32161244]\n",
            "[0.32400012 0.3088856  0.36711428] [0.30920407 0.37034523 0.32045071]\n",
            "[0.32145156 0.30662994 0.3719185 ] [0.31364912 0.36815875 0.31819213]\n",
            "[0.31900014 0.30508842 0.37591144] [0.31895264 0.3653385  0.31570886]\n",
            "[0.31657475 0.30301247 0.38041279] [0.32411371 0.3625782  0.3133081 ]\n",
            "[0.31416456 0.3040671  0.38176835] [0.32881456 0.36005614 0.3111293 ]\n",
            "[0.31179434 0.30515961 0.38304605] [0.3333666  0.35748021 0.30915319]\n",
            "[0.31030971 0.30447519 0.3852151 ] [0.33756379 0.35495222 0.307484  ]\n",
            "[0.30920722 0.30321808 0.3875747 ] [0.34229536 0.35250373 0.30520091]\n",
            "[0.30777091 0.30326788 0.38896122] [0.34572355 0.35053104 0.30374541]\n",
            "[0.30562102 0.30135604 0.39302294] [0.35055893 0.34793698 0.30150408]\n",
            "[0.30869294 0.30114888 0.39015819] [0.35447936 0.34538965 0.30013098]\n",
            "[0.30646606 0.30435639 0.38917755] [0.35747507 0.34324392 0.29928101]\n",
            "[0.30451356 0.30773943 0.38774701] [0.36158878 0.34102222 0.297389  ]\n",
            "[0.30244752 0.31247032 0.38508217] [0.36578252 0.33894933 0.29526815]\n",
            "[0.30069496 0.31646071 0.38284433] [0.36886468 0.33658679 0.29454853]\n",
            "[0.30006559 0.31964063 0.38029378] [0.37328326 0.33422664 0.2924901 ]\n",
            "[0.29800552 0.32437648 0.377618  ] [0.37761492 0.3318835  0.29050158]\n",
            "[0.29675697 0.3272944  0.37594864] [0.37850967 0.3296666  0.29182373]\n",
            "[0.29470387 0.33186357 0.37343256] [0.38123403 0.32739078 0.2913752 ]\n",
            "[0.29270633 0.3363397  0.37095398] [0.38377493 0.32513751 0.29108757]\n",
            "[0.29109496 0.33986002 0.36904501] [0.38289355 0.32455925 0.2925472 ]\n",
            "[0.28940616 0.34379732 0.36679652] [0.3815434  0.32473582 0.29372079]\n",
            "[0.28782692 0.34772288 0.3644502 ] [0.37996478 0.32261106 0.29742416]\n",
            "[0.28590545 0.35175484 0.36233971] [0.37928772 0.32064864 0.30006363]\n",
            "[0.28696732 0.35155879 0.36147389] [0.37685906 0.31852209 0.30461885]\n",
            "[0.28509447 0.35581226 0.35909327] [0.37436772 0.3172589  0.30837338]\n",
            "[0.28342096 0.35914908 0.35742996] [0.37196179 0.31519579 0.31284242]\n",
            "[0.28250338 0.36146013 0.35603649] [0.36997063 0.31329429 0.31673508]\n",
            "[0.2817438 0.3645237 0.3537325] [0.36761998 0.31174976 0.32063026]\n",
            "[0.28088181 0.36707436 0.35204384] [0.36525039 0.31008375 0.32466587]\n",
            "[0.27908983 0.37111448 0.34979569] [0.3630342  0.30823568 0.32873012]\n",
            "[0.27802866 0.37432792 0.34764341] [0.3614855 0.3062862 0.3322283]\n",
            "[0.27690477 0.37654772 0.34654751] [0.35965251 0.30439982 0.33594768]\n",
            "[0.27815384 0.37701132 0.34483484] [0.35769809 0.3025472  0.33975471]\n",
            "[0.27945099 0.37576756 0.34478145] [0.35582347 0.30083477 0.34334176]\n",
            "[0.27894059 0.37804189 0.34301752] [0.35458091 0.2991042  0.34631489]\n",
            "[0.28335086 0.37574283 0.3409063 ] [0.35241747 0.29726199 0.35032054]\n",
            "[0.28753319 0.373647   0.33881981] [0.3521811  0.29549829 0.35232062]\n",
            "[0.28879622 0.37184926 0.33935452] [0.3502286 0.2936985 0.3560729]\n",
            "[0.29286486 0.36983328 0.33730186] [0.34811711 0.29192659 0.3599563 ]\n",
            "[0.29704068 0.3676206  0.33533873] [0.34604261 0.29025453 0.36370286]\n",
            "[0.30123005 0.36543125 0.33333869] [0.34487922 0.28940739 0.36571339]\n",
            "[0.30490819 0.36355071 0.33154109] [0.34311033 0.28771003 0.36917964]\n",
            "[0.30869194 0.36160755 0.32970051] [0.34108404 0.28907871 0.36983725]\n",
            "[0.31233164 0.35982337 0.32784499] [0.33908159 0.29302668 0.36789174]\n",
            "[0.31605408 0.35782794 0.32611798] [0.33823718 0.29372731 0.36803551]\n",
            "[0.31976023 0.35591511 0.32432466] [0.33674998 0.29616742 0.3670826 ]\n",
            "[0.32245288 0.35416617 0.32338095] [0.3348073  0.29505936 0.37013334]\n",
            "[0.32573702 0.35273863 0.32152435] [0.33344181 0.29646553 0.37009267]\n",
            "[0.32631265 0.35399838 0.31968898] [0.33165367 0.29676574 0.37158059]\n",
            "[0.33000359 0.35202812 0.31796829] [0.32991533 0.29508525 0.37499942]\n",
            "[0.33332158 0.35004585 0.31663257] [0.32854506 0.29556069 0.37589425]\n",
            "[0.33515202 0.34847537 0.31637261] [0.32726243 0.2985609  0.37417667]\n",
            "[0.33777652 0.34671289 0.31551058] [0.3266932  0.29874967 0.37455712]\n",
            "[0.3397459  0.34620913 0.31404497] [0.32499339 0.29712005 0.37788657]\n",
            "[0.34285227 0.34479914 0.31234859] [0.32319969 0.29849917 0.37830114]\n",
            "[0.34630938 0.34295387 0.31073675] [0.3220751  0.30119274 0.37673215]\n",
            "[0.34963094 0.34111016 0.3092589 ] [0.32270749 0.30231343 0.37497908]\n",
            "[0.35276866 0.33944206 0.30778927] [0.32130872 0.30570626 0.37298502]\n",
            "[0.35442653 0.33790785 0.30766562] [0.31984398 0.30509125 0.37506477]\n",
            "[0.35715614 0.33610323 0.30674062] [0.31857361 0.3071484  0.37427798]\n",
            "[0.36017856 0.33431035 0.30551109] [0.31688132 0.31003638 0.3730823 ]\n",
            "[0.3634283  0.33265376 0.30391795] [0.31571967 0.31116971 0.37311063]\n",
            "[0.36616831 0.33121134 0.30262035] [0.31412241 0.31410248 0.37177511]\n",
            "[0.36918232 0.32949707 0.30132062] [0.31636535 0.31371427 0.36992039]\n",
            "[0.37125516 0.3277737  0.30097115] [0.31535286 0.3163429  0.36830424]\n",
            "[0.37377319 0.32681637 0.29941044] [0.31390731 0.31907941 0.36701328]\n",
            "[0.37553371 0.32548865 0.29897763] [0.31244547 0.32219021 0.36536432]\n",
            "[0.37369184 0.32617671 0.30013145] [0.31161002 0.32399146 0.36439852]\n",
            "[0.37463587 0.32676754 0.29859659] [0.31020628 0.32350317 0.36629055]\n",
            "[0.3778197  0.32510376 0.29707654] [0.30871833 0.32664979 0.36463188]\n",
            "[0.37926717 0.32346293 0.29726989] [0.30717196 0.33000106 0.36282698]\n",
            "[0.37738067 0.3256423  0.29697704] [0.30586024 0.33312179 0.36101797]\n",
            "[0.38042473 0.32402349 0.29555177] [0.30434531 0.33616857 0.35948612]\n",
            "[0.38257259 0.32282828 0.29459913] [0.30284733 0.33905654 0.35809613]\n",
            "[0.38136106 0.32122935 0.29740958] [0.30437768 0.3393061  0.35631622]\n",
            "[0.38258113 0.31965891 0.29775996] [0.30287251 0.3425418  0.35458569]\n",
            "[0.38342554 0.31898698 0.29758749] [0.30142745 0.34572045 0.3528521 ]\n",
            "[0.38178386 0.31744186 0.30077428] [0.30009815 0.34870467 0.35119719]\n",
            "[0.37996171 0.31770782 0.30233048] [0.30058129 0.34993306 0.34948566]\n",
            "[0.38178473 0.31616797 0.3020473 ] [0.29913429 0.35307335 0.34779236]\n",
            "[0.38003105 0.31481573 0.30515322] [0.30076914 0.35307138 0.34615949]\n",
            "[0.3784661 0.3140588 0.3074751] [0.29956078 0.35589432 0.34454491]\n",
            "[0.37672854 0.31267394 0.31059751] [0.29823784 0.3588642  0.34289796]\n",
            "[0.37506952 0.31303931 0.31189117] [0.29775578 0.35999128 0.34225294]\n",
            "[0.37694268 0.31155887 0.31149845] [0.29728368 0.36165885 0.34105747]\n",
            "[0.3754192  0.31045401 0.31412679] [0.29588454 0.36466125 0.33945421]\n",
            "[0.37376919 0.30907795 0.31715286] [0.29842892 0.36359553 0.33797555]\n",
            "[0.37284532 0.30768069 0.319474  ] [0.29917612 0.3644235  0.33640038]\n",
            "[0.37120916 0.30656496 0.32222587] [0.29873424 0.36575913 0.33550663]\n",
            "[0.36967345 0.30554707 0.32477948] [0.30146759 0.36432203 0.33421038]\n",
            "[0.36855067 0.30414517 0.32730416] [0.30455583 0.36264467 0.33279951]\n",
            "[0.3669801  0.30275306 0.33026684] [0.30411058 0.36424634 0.33164308]\n",
            "[0.36539004 0.30140056 0.3332094 ] [0.30437247 0.36508329 0.33054424]\n",
            "[0.36373069 0.30124336 0.33502595] [0.30593607 0.36457151 0.32949242]\n",
            "[0.36218759 0.30004613 0.33776629] [0.30821495 0.36360452 0.32818053]\n",
            "[0.36246565 0.30021587 0.33731849] [0.31013794 0.36315682 0.32670524]\n",
            "[0.36174545 0.30091057 0.33734398] [0.31288937 0.36161355 0.32549708]\n",
            "[0.36273222 0.30037452 0.33689326] [0.31573215 0.36017268 0.32409517]\n",
            "[0.36113193 0.29983151 0.33903656] [0.31845415 0.35886392 0.32268194]\n",
            "[0.3606558  0.30069196 0.33865224] [0.32140106 0.35728254 0.32131641]\n",
            "[0.35907538 0.29974284 0.34118178] [0.32292942 0.3569513  0.32011928]\n",
            "[0.35970551 0.29863403 0.34166046] [0.32339514 0.3577036  0.31890126]\n",
            "[0.35815318 0.29734766 0.34449916] [0.32404126 0.35832818 0.31763057]\n",
            "[0.35669261 0.29605629 0.3472511 ] [0.32640609 0.35729709 0.31629682]\n",
            "[0.35539573 0.29478306 0.34982121] [0.32858349 0.35648461 0.3149319 ]\n",
            "[0.35417249 0.29647082 0.34935669] [0.32945605 0.35685077 0.31369317]\n",
            "[0.35277822 0.29527762 0.35194415] [0.32969358 0.35794025 0.31236617]\n",
            "[0.3512952  0.29819177 0.35051303] [0.33198003 0.35694395 0.31107602]\n",
            "[0.34980245 0.29735575 0.35284179] [0.33414216 0.35609313 0.30976471]\n",
            "[0.34896518 0.29920683 0.35182798] [0.33273901 0.35871713 0.30854385]\n",
            "[0.34866517 0.30049022 0.35084461] [0.33356139 0.35918064 0.30725797]\n",
            "[0.3472072  0.30207611 0.35071669] [0.33605654 0.35789788 0.30604558]\n",
            "[0.34580361 0.30278303 0.35141336] [0.33702029 0.35721183 0.30576788]\n",
            "[0.34443193 0.30226562 0.35330245] [0.33922433 0.3559675  0.30480816]\n",
            "[0.34309619 0.3027758  0.35412801] [0.33915765 0.35449323 0.30634912]\n",
            "[0.34167982 0.30522922 0.35309097] [0.34048666 0.35400888 0.30550446]\n",
            "[0.34047805 0.30514617 0.35437578] [0.34106035 0.35358308 0.30535657]\n",
            "[0.33911543 0.30471222 0.35617236] [0.34161176 0.35259665 0.3057916 ]\n",
            "[0.33793033 0.3045792  0.35749047] [0.34328568 0.35215724 0.30455707]\n",
            "[0.33849786 0.30336597 0.35813617] [0.34531756 0.35090265 0.3037798 ]\n",
            "[0.33746673 0.30575612 0.35677716] [0.34474053 0.35093104 0.30432843]\n",
            "[0.3362088  0.3053683  0.35842291] [0.34576579 0.34997695 0.30425726]\n",
            "[0.33555423 0.30497759 0.35946818] [0.34838185 0.34858012 0.30303802]\n",
            "[0.33431318 0.30662125 0.35906557] [0.34971219 0.34845794 0.30182987]\n",
            "[0.33318672 0.30812233 0.35869095] [0.35090114 0.3471085  0.30199035]\n",
            "[0.33188194 0.31005391 0.35806415] [0.35232567 0.34573704 0.30193729]\n",
            "[0.33064598 0.31269988 0.35665415] [0.35311718 0.34613765 0.30074518]\n",
            "[0.32938157 0.31310999 0.35750844] [0.35255517 0.34539108 0.30205376]\n",
            "[0.32857673 0.31320538 0.35821789] [0.35154902 0.34687907 0.30157191]\n",
            "[0.32732072 0.31490016 0.35777911] [0.35345273 0.34600096 0.3005463 ]\n",
            "[0.3260484  0.31749488 0.35645672] [0.35391647 0.34525845 0.30082508]\n",
            "[0.32513546 0.31970258 0.35516196] [0.35544941 0.34392153 0.30062906]\n",
            "[0.32390926 0.32222831 0.35386243] [0.35457781 0.34260067 0.30282153]\n",
            "[0.32267814 0.32223035 0.35509152] [0.3545777  0.34335914 0.30206317]\n",
            "[0.32203575 0.32422685 0.3537374 ] [0.35696907 0.34211743 0.3009135 ]\n",
            "[0.32083397 0.3240117  0.35515433] [0.35934838 0.34081292 0.2998387 ]\n",
            "[0.31961914 0.32656679 0.35381407] [0.35978797 0.34035291 0.29985912]\n",
            "[0.31848613 0.32900021 0.35251366] [0.3600908  0.33936731 0.30054189]\n",
            "[0.31766588 0.33050215 0.35183197] [0.36179233 0.33871337 0.2994943 ]\n",
            "[0.31660229 0.33287785 0.35051986] [0.36138851 0.33814342 0.30046807]\n",
            "[0.31550068 0.33528976 0.34920955] [0.36196725 0.33702802 0.30100473]\n",
            "[0.31432916 0.33730669 0.34836415] [0.36100874 0.33761144 0.30137982]\n",
            "[0.31422289 0.33869299 0.34708413] [0.35999231 0.33636258 0.30364512]\n",
            "[0.31542374 0.33749501 0.34708125] [0.36205922 0.33524849 0.30269229]\n",
            "[0.31549225 0.33822939 0.34627835] [0.36254022 0.3341468  0.30331298]\n",
            "[0.31466747 0.34029924 0.34503329] [0.36128924 0.33300976 0.305701  ]\n",
            "[0.31351973 0.34270596 0.34377431] [0.36039552 0.33497015 0.30463433]\n",
            "[0.31245655 0.34499145 0.342552  ] [0.36123037 0.33494655 0.30382309]\n",
            "[0.31158772 0.34654797 0.3418643 ] [0.3618071  0.33414215 0.30405075]\n",
            "[0.31098875 0.34691167 0.34209959] [0.36052219 0.33302094 0.30645687]\n",
            "[0.31023422 0.34888921 0.34087657] [0.36156814 0.33184932 0.30658254]\n",
            "[0.31120263 0.34893119 0.33986617] [0.36230883 0.33183974 0.30585143]\n",
            "[0.31077355 0.35008666 0.33913979] [0.36355801 0.33081826 0.30562373]\n",
            "[0.30966901 0.35240123 0.33792976] [0.36253921 0.32986004 0.30760075]\n",
            "[0.30910289 0.3532944  0.33760271] [0.36266658 0.32931802 0.3080154 ]\n",
            "[0.30801762 0.35517172 0.33681067] [0.36164833 0.3291376  0.30921406]\n",
            "[0.30727049 0.35710781 0.3356217 ] [0.36171322 0.32890641 0.30938037]\n",
            "[0.3064898  0.35867627 0.33483393] [0.3606915  0.32800102 0.31130748]\n",
            "[0.3057951  0.36028738 0.33391752] [0.35948127 0.32696666 0.31355207]\n",
            "[0.30498329 0.36036013 0.33465658] [0.35855738 0.32583409 0.31560853]\n",
            "[0.30424119 0.36217969 0.33357913] [0.35733492 0.32519317 0.31747191]\n",
            "[0.30318827 0.36427484 0.3325369 ] [0.3562299  0.3241371  0.31963301]\n",
            "[0.30244185 0.36587611 0.33168204] [0.35546487 0.32340672 0.32112841]\n",
            "[0.30230735 0.36687971 0.33081295] [0.35489989 0.32236763 0.32273249]\n",
            "[0.30269779 0.3672709  0.33003131] [0.35373409 0.32184426 0.32442165]\n",
            "[0.30166572 0.36942865 0.32890563] [0.3531731  0.32080378 0.32602312]\n",
            "[0.30186825 0.36964222 0.32848953] [0.35196887 0.31991673 0.3281144 ]\n",
            "[0.30175595 0.3708707  0.32737335] [0.35091886 0.31890817 0.33017298]\n",
            "[0.30132196 0.37210959 0.32656846] [0.35084865 0.31783772 0.33131363]\n",
            "[0.30164186 0.3718082  0.32654994] [0.34968025 0.31686668 0.33345308]\n",
            "[0.3036353  0.37072783 0.32563686] [0.3485068  0.31653955 0.33495365]\n",
            "[0.30596986 0.3694849  0.32454524] [0.3473864  0.31548511 0.33712849]\n",
            "[0.30664204 0.36981446 0.32354349] [0.34623293 0.31443109 0.33933597]\n",
            "[0.30639632 0.37111958 0.3224841 ] [0.34511208 0.31338838 0.34149954]\n",
            "[0.30755607 0.37063268 0.32181126] [0.34404352 0.31256165 0.34339483]\n",
            "[0.30923099 0.3699969  0.32077211] [0.34297062 0.31223301 0.34479638]\n",
            "[0.30928609 0.37010431 0.3206096 ] [0.34184547 0.31182374 0.34633079]\n",
            "[0.31120884 0.36916442 0.31962675] [0.3407907  0.31096393 0.34824537]\n",
            "[0.31205219 0.36920879 0.31873901] [0.33977592 0.31252104 0.34770304]\n",
            "[0.31275747 0.3687833  0.31845923] [0.33867153 0.31166995 0.34965852]\n",
            "[0.31363447 0.36893404 0.31743148] [0.33775642 0.31072186 0.35152173]\n",
            "[0.31470276 0.36811309 0.31718415] [0.33667131 0.31077532 0.35255336]\n",
            "[0.31464666 0.36695431 0.31839903] [0.33641898 0.31012444 0.35345658]\n",
            "[0.31685533 0.36577166 0.31737302] [0.33537976 0.30940519 0.35521505]\n",
            "[0.31848259 0.36481435 0.31670306] [0.33489525 0.30882407 0.35628068]\n",
            "[0.31905196 0.36444443 0.31650362] [0.33388074 0.30915943 0.35695982]\n",
            "[0.32120115 0.36329205 0.3155068 ] [0.3330138  0.30840038 0.35858581]\n",
            "[0.32177565 0.36371598 0.31450837] [0.33231253 0.30770196 0.35998552]\n",
            "[0.32370225 0.36267675 0.313621  ] [0.33149715 0.30816831 0.36033454]\n",
            "[0.32501759 0.36154399 0.31343842] [0.33059722 0.30763011 0.36177266]\n",
            "[0.32544127 0.36040514 0.31415359] [0.32996474 0.30806779 0.36196746]\n",
            "[0.32602906 0.36065023 0.31332071] [0.32893489 0.30963619 0.36142892]\n",
            "[0.32812126 0.35952123 0.31235751] [0.32796646 0.30891548 0.36311806]\n",
            "[0.32985188 0.35850761 0.31164051] [0.32698195 0.30803447 0.36498358]\n",
            "[0.33127332 0.35753287 0.31119381] [0.32597509 0.30859688 0.36542804]\n",
            "[0.33328384 0.356463   0.31025316] [0.32502166 0.30817736 0.36680099]\n",
            "[0.33514773 0.3553696  0.30948267] [0.32402015 0.30736991 0.36860994]\n",
            "[0.33713717 0.35428491 0.30857791] [0.32306307 0.30845348 0.36848345]\n",
            "[0.33826465 0.3533596  0.30837574] [0.32230597 0.31026283 0.36743119]\n",
            "[0.33911097 0.35232094 0.30856809] [0.32132344 0.31108146 0.3675951 ]\n",
            "[0.34088231 0.35125013 0.30786756] [0.32040635 0.31250961 0.36708404]\n",
            "[0.34265717 0.35018673 0.3071561 ] [0.31985984 0.3131946  0.36694556]\n",
            "[0.34456425 0.34914793 0.30628782] [0.31964245 0.31412279 0.36623476]\n",
            "[0.34625768 0.34816621 0.30557611] [0.31940833 0.31543806 0.36515361]\n",
            "[0.34738435 0.34722412 0.30539153] [0.31849599 0.31663451 0.36486949]\n",
            "[0.34758164 0.34620152 0.30621684] [0.31824845 0.31752458 0.36422697]\n",
            "[0.34948266 0.34520126 0.30531607] [0.31790985 0.31892254 0.36316761]\n",
            "[0.35052313 0.34418386 0.30529301] [0.31714015 0.31827309 0.36458675]\n",
            "[0.35139326 0.3440886  0.30451814] [0.31633271 0.31962257 0.36404472]\n",
            "[0.35124756 0.34407671 0.30467573] [0.31572655 0.32098538 0.36328807]\n",
            "[0.35102156 0.34337467 0.30560376] [0.31513409 0.3217453  0.36312061]\n",
            "[0.35218087 0.34242483 0.3053943 ] [0.31421168 0.32315979 0.36262853]\n",
            "[0.35281017 0.34157136 0.30561847] [0.31371056 0.32372303 0.36256641]\n",
            "[0.35450562 0.34077071 0.30472367] [0.3131087  0.32531741 0.36157389]\n",
            "[0.35495879 0.33990838 0.30513283] [0.31232305 0.32527545 0.3624015 ]\n",
            "[0.35535804 0.33949563 0.30514633] [0.31151262 0.32668702 0.36180035]\n",
            "[0.35672293 0.33852923 0.30474784] [0.3106224  0.32862379 0.3607538 ]\n",
            "[0.35705163 0.33809208 0.30485629] [0.30984358 0.33039319 0.35976322]\n",
            "[0.35670667 0.33711983 0.3061735 ] [0.30895395 0.33225791 0.35878813]\n",
            "[0.35729675 0.33635549 0.30634776] [0.30871545 0.33216318 0.35912138]\n",
            "[0.35653336 0.3359291  0.30753753] [0.30785603 0.33387263 0.35827134]\n",
            "[0.35739457 0.33496643 0.307639  ] [0.3069808  0.33573132 0.35728788]\n",
            "[0.35640779 0.33400759 0.30958462] [0.30666751 0.33706024 0.35627225]\n",
            "[0.35704128 0.33312667 0.30983206] [0.30579684 0.33893263 0.35527053]\n",
            "[0.35603736 0.33228224 0.3116804 ] [0.30520314 0.34048931 0.35430755]\n",
            "[0.35540411 0.33184738 0.31274851] [0.30438545 0.34097438 0.35464017]\n",
            "[0.35525593 0.33095886 0.31378521] [0.30520281 0.34089744 0.35389976]\n",
            "[0.35435    0.33003618 0.31561382] [0.30434159 0.34275742 0.35290098]\n",
            "[0.35367461 0.32918374 0.31714165] [0.30349109 0.34452629 0.35198262]\n",
            "[0.35296881 0.3285555  0.31847568] [0.30263989 0.34633113 0.35102897]\n",
            "[0.35199833 0.32764895 0.32035271] [0.30179543 0.34790159 0.35030297]\n",
            "[0.35361597 0.3267457  0.31963833] [0.30210817 0.34856037 0.34933146]\n",
            "[0.35280708 0.32584576 0.32134716] [0.30127314 0.35032368 0.34840318]\n",
            "[0.35288465 0.32495892 0.32215643] [0.30156216 0.35059705 0.34784078]\n",
            "[0.3527912  0.32414884 0.32305995] [0.30188078 0.35035386 0.34776536]\n",
            "[0.35182125 0.32325432 0.32492443] [0.30228405 0.3508689  0.34684704]\n",
